4
6 4 5 3
6 6
.4 .4 .6 .5 .5 .6
.6 .7 .8 .8 .7 .9
.5 .6 .6 .8 .4 .7
.6 .5 .7 .8 .4 .5
.7 .4 .9 .5 .8 .6
.9 .7 .4 .6 .7 .8
.6 .7 .8 .7 .6 .9
.7 .6 .8 .9 .5 .6
.8 .9 .6 .5 .7 .8
1
.0 .2 .0 .2
.5 .7
4 5
.4 .6 .7 .7
.6 .7 .8 .8
.6 .7 .5 .2 .4
.5 .3 .7 .8 .3
.7 .4 .9 .5 .8
.8 .5 .4 .9 .7
.9 .6 .5 .4 .9
1
.0 .1 .0 .4
.5 .5
5 6
.25 .64 .48 .57 .80
.25 .64 .48 .57 .80
.9 .6 .8 .7 .5 .4
.25 .18 .48 .25 .19 .22
.72 .80 .74 .64 .92 .56
.48 .32 .82 .48 .43 .38
.89 .94 .87 .45 .57 .49
.64 .75 .95 .80 .90 .90
1
.0 .1 .0 .1
.5 .5
3 4
.5 .4 .3
.8 .6 .7
.6 .5 .7 .4
.4 .6 .3 .7
.7 .5 .6 .4
.3 .2 .8 .5
1
.0 .1 .0 .1
.5 .5